list(n.sites = 40L, elevation = c(0.753815519, 0.712148176, 0.346529996, 
1.35213954, 0.31531306, 0.840233573, 0.509679797, 0.378031038, 
0.364748126, 1.433016228, 1.168478477, 1.345527366, 0.490107642, 
1.373002271, 0.446467148, 0.661537165, 1.190316419, 0.412404524, 
1.001298379, 0.311536429, 0.737776089, 0.940327969, 0.246814711, 
0.456488494, 0.546341551, 0.264750987, 0.999090851, 1.445465296, 
0.512862104, 0.825238924, 0.614238009, 1.462996919, 0.281861265, 
0.514376452, 0.42130946, 1.065698407, 0.658388933, 1.001596807, 
0.827217093, 0.976672418), noise = structure(c(15.02028257, 0.759289893, 
18.24555551, 13.72496217, 11.02123046, 2.167357514, 2.717627222, 
11.08250869, 6.316679176, 18.89192184, 16.64410437, 5.197005761, 
19.27398495, 4.888974829, 10.74440572, 15.77542514, 9.585816101, 
2.650173302, 2.643754054, 18.80593924, 18.94378936, 7.065012348, 
13.65501805, 2.566531841, 1.596232019, 12.06834758, 5.997804869, 
19.72316486, 5.18052401, 3.73264411, 11.19753468, 18.32269898, 
1.735357591, 4.459797088, 18.52805477, 2.268333398, 2.327909907, 
13.17657842, 9.352509822, 7.307023783, 9.605625472, 6.576630468, 
8.332412061, 17.76858023, 19.22713855, 13.33231419, 10.52821282, 
11.3838689, 13.53075116, 14.29238888, 1.111633899, 13.85016856, 
4.322088696, 18.81528897, 9.541821741, 0.369161591, 9.258397236, 
17.30455539, 0.180063173, 14.3481284, 1.43271497, 1.086079711, 
13.41315738, 16.10031035, 18.27812134, 15.67892792, 0.884126015, 
7.768060267, 7.955452059, 8.221930289, 16.48556316, 14.37312809, 
2.540730354, 10.245287, 15.95465262, 4.916517609, 16.22799431, 
13.74161229, 0.891507282, 18.49722887, 13.41029167, 19.07068843, 
0.12041335, 15.57557097, 15.6166907, 2.6701826, 7.549596713, 
0.550127327, 13.13938339, 10.38458437, 19.68069392, 17.65553833, 
13.71517024, 0.022050166, 16.82431684, 13.98090467, 3.470409838, 
14.7236838, 19.50546447, 4.767031376, 18.52696957, 6.360335806, 
10.40567751, 4.604521561, 16.03516261, 1.655178051, 8.125660135, 
15.30331055, 11.17081794, 4.745104811, 2.315234072, 15.74994365, 
1.483445894, 17.6881144, 13.3268686, 5.333101163, 8.189924955, 
18.10194442, 17.99967532, 6.533301231, 13.48741969, 6.312125414, 
7.309414726, 10.76712176, 4.643093832, 2.109904462, 10.196605, 
19.04947678, 0.206147516, 16.41494896, 16.1430516, 10.35828168, 
10.79316529, 0.324607012, 7.28639923, 2.838015202, 6.532311006, 
1.670294581, 16.19979619, 17.84697815, 2.088920465, 8.080194332, 
0.581229879, 6.796780052, 14.3601204, 9.589570384, 1.693234681, 
7.092346651, 10.95243954, 7.409534347, 8.638072954, 18.78026822, 
10.18066572, 0.968237505, 18.59662419, 19.76612573, 6.46561332, 
16.29437462, 3.92162811, 4.330114224, 6.086373408, 18.66278614, 
12.78670229, 10.25865284, 5.06292453, 2.859081659, 15.01991851, 
2.740840558, 2.268766961, 1.010011756, 2.478475505, 3.461273764, 
19.94170374, 6.182688409, 9.944116403, 15.52537675, 1.759338011, 
17.95667868, 1.7072197, 5.075787324, 10.93690394, 10.59024176, 
17.6393443, 19.85914642, 0.475229579, 8.210888198, 4.563542577, 
8.588845767, 2.66750914, 18.95013672, 16.72561019, 4.452920188, 
13.28755962, 13.65716446, 6.711328514, 2.321119765, 1.617337591, 
1.991742901, 19.74849291, 16.08432976, 3.129257741, 11.91142113, 
18.50089368, 2.303647194, 0.634736903, 3.051328133, 0.467359722, 
14.71619568, 15.76589589, 12.9205418, 15.80294264, 3.908171533, 
14.76041813, 1.738982275, 17.99140675, 13.62817301, 3.683990007, 
19.50952363, 16.28813838, 15.64014987, 0.548662124, 12.948748, 
8.735103547, 7.817131132, 6.082425346, 13.37662236, 17.88589201, 
7.596330261, 14.39988873, 14.51585075, 17.62143477, 16.13494298, 
5.903252298, 12.8479966, 1.24104809, 19.1977945, 7.844150746, 
2.079264973, 14.10433375, 10.33426499), .Dim = c(40L, 6L), .Dimnames = list(
    NULL, c("noise1", "noise2", "noise3", "noise4", "noise5", 
    "noise6"))), obs = structure(c(0L, 1L, 0L, 0L, 0L, 1L, 0L, 
0L, 0L, 0L, 0L, 0L, 0L, 0L, 0L, 0L, 0L, 0L, 0L, 0L, 0L, 0L, 0L, 
0L, 0L, 0L, 0L, 0L, 0L, 1L, 0L, 0L, 0L, 0L, 0L, 1L, 1L, 0L, 0L, 
0L, 0L, 0L, 0L, 0L, 0L, 0L, 0L, 0L, 0L, 0L, 1L, 0L, 0L, 0L, 0L, 
1L, 0L, 0L, 1L, 0L, 0L, 1L, 0L, 0L, 0L, 0L, 0L, 0L, 0L, 0L, 0L, 
0L, 0L, 0L, 0L, 0L, 0L, 0L, 1L, 0L, 0L, 0L, 0L, 0L, 0L, 0L, 0L, 
0L, 0L, 0L, 0L, 0L, 0L, 1L, 0L, 0L, 0L, 0L, 0L, 0L, 0L, 0L, 0L, 
0L, 0L, 0L, 0L, 0L, 0L, 0L, 0L, 0L, 0L, 0L, 0L, 1L, 0L, 0L, 0L, 
0L, 0L, 0L, 0L, 0L, 0L, 0L, 0L, 0L, 0L, 0L, 0L, 0L, 0L, 1L, 0L, 
1L, 0L, 0L, 0L, 0L, 1L, 0L, 1L, 0L, 0L, 0L, 0L, 1L, 0L, 1L, 0L, 
0L, 0L, 0L, 0L, 0L, 0L, 0L, 0L, 0L, 0L, 0L, 0L, 0L, 0L, 0L, 0L, 
0L, 0L, 1L, 0L, 1L, 0L, 0L, 0L, 0L, 0L, 0L, 0L, 0L, 0L, 0L, 0L, 
0L, 0L, 0L, 0L, 0L, 0L, 0L, 0L, 0L, 0L, 0L, 0L, 0L, 0L, 0L, 0L, 
0L, 0L, 0L, 0L, 0L, 0L, 1L, 0L, 0L, 0L, 0L, 0L, 1L, 0L, 1L, 0L, 
0L, 0L, 0L, 0L, 0L, 0L, 0L, 0L, 0L, 0L, 0L, 0L, 0L, 0L, 0L, 0L, 
0L, 0L, 0L, 0L, 0L, 0L, 1L, 0L, 0L), .Dim = c(40L, 6L), .Dimnames = list(
    NULL, c("Obs1", "Obs2", "Obs3", "Obs4", "Obs5", "Obs6"))), 
    fake.elev = c(0.2, 0.225, 0.25, 0.275, 0.3, 0.325, 0.35, 
    0.375, 0.4, 0.425, 0.45, 0.475, 0.5, 0.525, 0.55, 0.575, 
    0.6, 0.625, 0.65, 0.675, 0.7, 0.725, 0.75, 0.775, 0.8, 0.825, 
    0.85, 0.875, 0.9, 0.925, 0.95, 0.975, 1, 1.025, 1.05, 1.075, 
    1.1, 1.125, 1.15, 1.175, 1.2, 1.225, 1.25, 1.275, 1.3, 1.325, 
    1.35, 1.375, 1.4, 1.425, 1.45, 1.475, 1.5), n.graph = 53L)
