list(y = structure(c(1L, 2L, 4L, 0L, 1L, 1L, 0L, 1L, 0L, 2L, 
9L, 7L, 8L, 7L, 5L, 5L, 0L, 4L, 1L, 1L, 2L, 0L, 0L, 2L, 7L, 4L, 
1L), .Dim = c(9L, 3L), .Dimnames = list(NULL, c("X.0.20_sum", 
"X.20.40_sum", "X.40.60_sum"))), n = c(4, 12, 13, 8, 8, 8, 12, 
5, 5), area = c(3490.65850398866, 10471.975511966, 17453.2925199433
), b = c(0, 33.3333333333333, 66.6666666666667, 100), psi = c(0.111111111111111, 
0.333333333333333, 0.555555555555555), Elvation = c(-0.188362347083611, 
1.52023655728992, 0.598664065620414, 0.972121923009409, 0.652794036607974, 
-0.435646746918868, -0.710190844373761, -0.800731982896119, -1.60888466125536
), observedAirTemp = c(-0.0835947035516994, -0.957294185833974, 
1.68807369107625, -0.520444444692836, 1.25122394993511, 0.595949338223403, 
0.0377524467652832, -1.07864133615096, -0.933024755770577), RH = c(0.0564070862642542, 
-0.69015729076264, 0.116132236426406, 0.773108888210073, 0.384895412156088, 
-0.510981840276185, 2.02733704161526, -1.25754621730308, -0.89919531633017
), cloud = c(-1.87984681420191, 1.45621936311415, 0.0264767156929846, 
-0.926685049254461, 0.0264767156929846, 0.0264767156929846, 0.0264767156929846, 
1.21792892187729, 0.0264767156929846), wind = c(0.835504418211084, 
0.393178549746392, 0.835504418211084, -0.933799055647682, -0.49147318718299, 
1.72015615514047, -0.49147318718299, -0.49147318718299, -1.37612492411237
), nSites = 9L, nBins = 3)
